n=[1 10 100 500 1000 2000 4000 8000];
>> y=(1+1./n).^n

y =

    2.0000    2.5937    2.7048    2.7156    2.7169    2.7176    2.7179    2.7181

>> exp(1)

ans =

    2.7183
